0 1
1 1
2 1
3 1
4 1
5 1
6 1
7 1
8 1
9 1
10 1
11 1
12 1
13 1
14 1
15 1
16 1
17 1
18 1
19 1
20 1
21 1
22 1
23 1
24 1
25 1
26 1
27 1
28 1
29 1
30 1
31 1
32 1
33 1
34 1
35 1
36 1
37 1
38 1
39 1
40 1
41 1
42 1
43 1
44 1
45 1
46 1
47 1
48 1
49 1
50 1
51 1
52 1
53 1
54 1
55 1
56 1
57 1
58 1
59 1
60 1
61 1
62 1
63 1
64 1
65 1
66 1
67 1
68 1
69 1
70 1
71 1
72 1
73 1
74 1
75 1
76 1
77 1
78 1
79 1
80 1
81 1
82 1
83 1
84 1
85 1
86 1
87 1
88 1
89 1
90 1
91 1
92 1
93 1
94 1
95 1
96 1
97 1
98 1
99 1
100 1
101 1
102 1
103 1
104 1
105 1
106 1
107 1
108 1
109 1
110 1
111 1
112 1
113 1
114 1
115 1
116 1
117 1
118 1
119 1
120 1
121 1
122 1
123 1
124 1
125 1
126 1
127 1
128 1
129 1
130 1
131 1
132 1
133 1
134 1
135 1
136 1
137 1
138 1
139 1
140 1
141 1
142 1
143 1
144 1
145 1
146 1
147 1
148 1
149 1
150 1
151 1
152 1
153 1
154 1
155 1
156 1
157 1
158 1
159 1
160 1
161 1
162 1
163 1
164 1
165 1
166 1
167 1
168 1
169 1
170 1
171 1
172 1
173 1
174 1
175 1
176 1
177 1
178 1
179 1
180 1
181 1
182 1
183 1
184 1
185 1
186 1
187 1
188 1
189 1
190 1
191 1
192 1
193 1
194 1
195 1
196 1
197 1
198 1
199 1
200 1
201 1
202 1
203 1
204 1
205 1
206 1
207 1
208 1
209 1
210 1
211 1
212 1
213 1
214 1
215 1
216 1
217 1
218 1
219 1
220 1
221 1
222 1
223 1
224 1
225 1
226 1
227 1
228 1
229 1
230 1
231 1
232 1
233 1
234 1
235 1
236 1
237 1
238 1
239 1
240 1
241 1
242 1
243 1
244 1
245 1
246 1
247 1
248 1
249 1
250 1
251 1
252 1
253 1
254 1
255 1
256 1
257 1
258 1
259 1
260 1
261 1
262 1
263 1
264 1
265 1
266 1
267 1
268 1
269 1
270 1
271 1
272 1
273 1
274 1
275 1
276 1
277 1
278 1
279 1
280 1
281 1
282 1
283 1
284 1
285 1
286 1
287 1
288 1
289 1
290 1
291 1
292 1
293 1
294 1
295 1
296 1
297 1
298 1
299 1
300 1
301 1
302 1
303 1
304 1
305 1
306 1
307 1
308 1
309 1
310 1
311 1
312 1
313 1
314 1
315 1
316 1
317 1
318 1
319 1
320 1
321 1
322 1
323 1
324 1
325 1
326 1
327 1
328 1
329 1
330 1
331 1
332 1
333 1
334 1
335 1
336 1
337 1
338 1
339 1
340 1
341 1
342 1
343 1
344 1
345 1
346 1
347 1
348 1
349 1
350 1
351 1
352 1
353 1
354 1
355 1
356 1
357 1
358 1
359 1
360 1
361 1
362 1
363 1
364 1
365 1
366 1
367 1
368 1
369 1
370 1
371 1
372 1
373 1
374 1
375 1
376 1
377 1
378 1
379 1
380 1
381 1
382 1
383 1
384 1
385 1
386 1
387 1
388 1
389 1
390 1
391 1
392 1
393 1
394 1
395 1
396 1
397 1
398 1
399 1
400 1
401 1
402 1
403 1
404 1
405 1
406 1
407 1
408 1
409 1
410 1
411 1
412 1
413 1
414 1
415 1
416 1
417 1
418 1
419 1
420 1
421 1
422 1
423 1
424 1
425 1
426 1
427 1
428 1
429 1
430 1
431 1
432 1
433 1
434 1
435 1
436 1
437 1
438 1
439 1
440 1
441 1
442 1
443 1
444 1
445 1
446 1
447 1
448 1
449 1
450 1
451 1
452 1
453 1
454 1
455 1
456 1
457 1
458 1
459 1
460 1
461 1
462 3
463 3
464 3
465 3
466 3
467 3
468 3
469 3
470 3
471 3
472 3
473 3
474 3
475 3
476 3
477 3
478 3
479 3
480 3
481 3
482 3
483 3
484 3
485 3
486 3
487 3
488 3
489 3
490 3
491 3
492 3
493 3
494 3
495 3
496 3
497 3
498 3
499 3
500 3
501 3
502 3
503 3
504 3
505 3
506 3
507 3
508 3
509 3
510 3
511 3
512 3
513 3
514 3
515 3
516 3
517 3
518 3
519 3
520 3
521 3
522 3
523 3
524 3
525 3
526 3
527 3
528 3
529 3
530 3
531 3
532 3
533 3
534 3
535 3
536 3
537 3
538 3
539 3
540 3
541 3
542 3
543 3
544 3
545 3
546 3
547 3
548 3
549 3
550 3
551 3
552 3
553 3
554 3
555 3
556 3
557 3
558 3
559 3
560 3
561 3
562 3
563 3
564 3
565 3
566 3
567 3
568 3
569 3
570 3
571 3
572 3
573 3
574 3
575 3
576 3
577 3
578 3
579 3
580 3
581 3
582 3
583 3
584 3
585 3
586 3
587 3
588 3
589 3
590 3
591 3
592 3
593 3
594 3
595 3
596 3
597 3
598 3
599 3
600 3
601 3
602 3
603 3
604 3
605 3
606 3
607 3
608 3
609 3
610 3
611 3
612 3
613 3
614 3
615 3
616 3
617 3
618 3
619 3
620 3
621 3
622 3
623 3
624 3
625 3
626 3
627 3
628 3
629 3
630 3
631 3
632 3
633 3
634 3
635 3
636 3
637 3
638 3
639 3
640 3
641 3
642 3
643 3
644 3
645 3
646 3
647 3
648 3
649 3
650 3
651 3
652 3
653 3
654 3
655 3
656 3
657 3
658 3
659 3
660 3
661 3
662 3
663 3
664 3
665 3
666 3
667 3
668 3
669 3
670 3
671 3
672 3
673 3
674 3
675 3
676 3
677 3
678 3
679 3
680 3
681 3
682 3
683 3
684 3
685 3
686 3
687 3
688 3
689 3
690 3
691 3
692 3
693 3
694 3
695 3
696 3
697 3
698 3
699 3
700 3
701 3
702 3
703 3
704 3
705 3
706 3
707 3
708 3
709 3
710 3
711 3
712 3
713 3
714 3
715 3
716 3
717 3
718 3
719 3
720 3
721 3
722 3
723 3
724 3
725 3
726 3
727 3
728 3
729 3
730 3
731 3
732 3
733 3
734 3
735 3
736 3
737 3
738 3
739 3
740 3
741 3
742 3
743 3
744 3
745 3
746 3
747 3
748 3
749 3
750 3
751 3
752 3
753 3
754 3
755 3
756 3
757 3
758 3
759 3
760 3
761 3
762 3
763 3
764 3
765 3
766 3
767 3
768 3
769 3
770 3
771 3
772 3
773 3
774 3
775 3
776 3
777 3
778 3
779 3
780 3
781 3
782 3
783 3
784 3
785 3
786 3
787 3
788 3
789 3
790 3
791 3
792 3
793 3
794 3
795 3
796 3
797 3
798 3
799 3
800 3
801 3
802 3
803 3
804 3
805 3
806 3
807 3
808 3
809 3
810 3
811 3
812 3
813 3
814 3
815 3
816 3
817 3
818 3
819 3
820 3
821 3
822 3
823 3
824 3
825 3
826 3
827 3
828 3
829 3
830 3
831 3
832 3
833 3
834 3
835 3
836 3
837 3
838 3
839 3
840 3
841 3
842 3
843 3
844 3
845 3
846 3
847 3
848 3
849 3
850 3
851 3
852 3
853 3
854 3
855 3
856 3
857 7
858 7
859 7
860 7
861 7
862 7
863 7
864 7
865 7
866 7
867 7
868 7
869 7
870 7
871 7
872 7
873 7
874 7
875 7
876 7
877 7
878 7
879 7
880 7
881 7
882 7
883 7
884 7
885 7
886 7
887 7
888 7
889 7
890 7
891 7
892 7
893 7
894 7
895 7
896 7
897 7
898 7
899 7
900 7
901 7
902 7
903 7
904 7
905 7
906 7
907 7
908 7
909 7
910 7
911 7
912 7
913 7
914 7
915 7
916 7
917 7
918 7
919 7
920 7
921 7
922 7
923 7
924 7
925 7
926 7
927 7
928 7
929 7
930 7
931 7
932 7
933 7
934 7
935 7
936 7
937 7
938 7
939 7
940 7
941 7
942 7
943 7
944 7
945 7
946 7
947 7
948 7
949 7
950 7
951 7
952 7
953 7
954 7
955 7
956 7
957 7
958 7
959 7
960 7
961 7
962 7
963 7
964 7
965 7
966 7
967 7
968 7
969 7
970 7
971 7
972 7
973 7
974 7
975 7
976 7
977 7
978 7
979 7
980 7
981 7
982 7
983 7
984 7
985 7
986 7
987 7
988 7
989 7
990 7
991 7
992 7
993 7
994 7
995 7
996 7
997 7
998 7
999 7
1000 7
1001 7
1002 7
1003 7
1004 7
1005 7
1006 7
1007 7
1008 7
1009 7
1010 7
1011 7
1012 7
1013 7
1014 7
1015 7
1016 7
1017 7
1018 7
1019 7
1020 7
1021 7
1022 7
1023 7
1024 7
1025 7
1026 7
1027 7
1028 7
1029 7
1030 7
1031 7
1032 7
1033 7
1034 7
1035 7
1036 7
1037 7
1038 7
1039 7
1040 7
1041 7
1042 7
1043 7
1044 7
1045 7
1046 7
1047 7
1048 7
1049 7
1050 7
1051 7
1052 7
1053 7
1054 7
1055 7
1056 7
1057 7
1058 7
1059 7
1060 7
1061 7
1062 7
1063 7
1064 7
1065 7
1066 7
1067 7
1068 7
1069 7
1070 7
1071 7
1072 7
1073 7
1074 7
1075 7
1076 7
1077 7
1078 7
1079 7
1080 7
1081 7
1082 7
1083 7
1084 7
1085 7
1086 7
1087 7
1088 7
1089 7
1090 7
1091 7
1092 7
1093 7
1094 7
1095 7
1096 7
1097 7
1098 7
1099 7
1100 7
1101 7
1102 7
1103 7
1104 7
1105 7
1106 7
1107 7
1108 7
1109 7
1110 7
1111 7
1112 7
1113 7
1114 7
1115 7
1116 7
1117 7
1118 7
1119 7
1120 7
1121 7
1122 7
1123 7
1124 7
1125 7
1126 7
1127 7
1128 7
1129 7
1130 7
1131 7
1132 7
1133 7
1134 7
1135 7
1136 7
1137 7
1138 7
1139 7
1140 7
1141 7
1142 7
1143 7
1144 7
1145 7
1146 7
1147 7
1148 7
1149 7
1150 7
1151 7
1152 7
1153 7
1154 7
1155 7
1156 7
1157 7
1158 7
1159 7
1160 7
1161 7
1162 7
1163 7
1164 7
1165 7
1166 7
1167 7
1168 7
1169 7
1170 7
1171 7
1172 7
1173 7
1174 7
1175 7
1176 7
1177 7
1178 7
1179 7
1180 7
1181 7
1182 7
1183 7
1184 7
1185 7
1186 7
1187 7
1188 7
1189 7
1190 7
1191 7
1192 7
1193 7
1194 7
1195 7
1196 7
1197 7
1198 7
1199 7
1200 7
1201 7
1202 7
1203 7
1204 7
1205 7
1206 7
1207 7
1208 7
1209 7
1210 7
1211 7
1212 7
1213 7
1214 7
1215 7
1216 7
1217 7
1218 7
1219 7
1220 7
1221 7
1222 7
1223 7
1224 7
1225 7
1226 7
1227 7
1228 7
1229 7
1230 7
1231 7
1232 7
1233 7
1234 7
1235 7
1236 7
1237 7
1238 7
1239 7
1240 7
1241 7
1242 7
1243 7
1244 7
1245 7
1246 7
1247 7
1248 7
1249 7
1250 7
1251 7
1252 7
1253 7
1254 7
1255 7
1256 7
1257 7
1258 7
1259 7
1260 7
1261 7
1262 7
1263 7
1264 7
1265 7
1266 7
1267 7
1268 7
1269 7
1270 7
1271 7
1272 7
1273 7
1274 7
1275 7
1276 7
1277 7
1278 7
1279 7
1280 7
1281 7
1282 7
1283 7
1284 7
1285 7
1286 7
1287 7
1288 7
1289 7
1290 7
1291 7
1292 7
1293 7
1294 7
1295 7
1296 7
1297 7
1298 7
1299 7
1300 7
1301 7
1302 7
1303 7
1304 7
1305 7
1306 7
1307 7
1308 7
1309 7
1310 7
1311 7
1312 7
1313 7
1314 7
1315 7
1316 7
1317 7
1318 7
1319 7
1320 7
1321 7
1322 7
1323 7
1324 7
1325 7
1326 7
1327 7
1328 7
1329 7
1330 7
1331 14
1332 14
1333 14
1334 14
1335 14
1336 14
1337 14
1338 14
1339 14
1340 14
1341 14
1342 14
1343 14
1344 14
1345 14
1346 14
1347 14
1348 14
1349 14
1350 14
1351 14
1352 14
1353 14
1354 14
1355 14
1356 14
1357 14
1358 14
1359 14
1360 14
1361 14
1362 14
1363 14
1364 14
1365 14
1366 14
1367 14
1368 14
1369 14
1370 14
1371 14
1372 14
1373 14
1374 14
1375 14
1376 14
1377 14
1378 14
1379 14
1380 14
1381 14
1382 14
1383 14
1384 14
1385 14
1386 14
1387 14
1388 14
1389 14
1390 14
1391 14
1392 14
1393 14
1394 14
1395 14
1396 14
1397 14
1398 14
1399 14
1400 14
1401 14
1402 14
1403 14
1404 14
1405 14
1406 14
1407 14
1408 14
1409 14
1410 14
1411 14
1412 14
1413 14
1414 14
1415 14
1416 14
1417 14
1418 14
1419 14
1420 14
1421 14
1422 14
1423 14
1424 14
1425 14
1426 14
1427 14
1428 14
1429 14
1430 14
1431 14
1432 14
1433 14
1434 14
1435 14
1436 14
1437 14
1438 14
1439 14
1440 14
1441 14
1442 14
1443 14
1444 14
1445 14
1446 14
1447 14
1448 14
1449 14
1450 14
1451 14
1452 14
1453 14
1454 14
1455 14
1456 14
1457 14
1458 14
1459 14
1460 14
1461 14
1462 14
1463 14
1464 14
1465 14
1466 14
1467 14
1468 14
1469 14
1470 14
1471 14
1472 14
1473 14
1474 14
1475 14
1476 14
1477 14
1478 14
1479 14
1480 14
1481 14
1482 14
1483 14
1484 14
1485 14
1486 14
1487 14
1488 14
1489 14
1490 14
1491 14
1492 14
1493 14
1494 14
1495 14
1496 14
1497 14
1498 14
1499 14
1500 14
1501 14
1502 14
1503 14
1504 14
1505 14
1506 14
1507 14
1508 14
1509 14
1510 14
1511 14
1512 14
1513 14
1514 14
1515 14
1516 14
1517 14
1518 14
1519 14
1520 14
1521 14
1522 14
1523 14
1524 14
1525 14
1526 14
1527 14
1528 14
1529 14
1530 14
1531 14
1532 14
1533 14
1534 14
1535 14
1536 14
1537 14
1538 14
1539 14
1540 14
1541 14
1542 14
1543 14
1544 14
1545 14
1546 14
1547 14
1548 14
1549 14
1550 14
1551 14
1552 14
1553 14
1554 14
1555 14
1556 14
1557 14
1558 14
1559 14
1560 14
1561 14
1562 14
1563 14
1564 14
1565 14
1566 14
1567 14
1568 14
1569 14
1570 14
1571 14
1572 14
1573 14
1574 14
1575 14
1576 14
1577 10
1578 10
1579 10
1580 10
1581 10
1582 10
1583 10
1584 10
1585 10
1586 10
1587 10
1588 10
1589 10
1590 10
1591 10
1592 10
1593 10
1594 10
1595 10
1596 10
1597 10
1598 10
1599 10
1600 10
1601 10
1602 10
1603 10
1604 10
1605 10
1606 10
1607 10
1608 10
1609 10
1610 10
1611 10
1612 10
1613 10
1614 10
1615 10
1616 10
1617 10
1618 10
1619 10
1620 10
1621 10
1622 10
1623 10
1624 10
1625 10
1626 10
1627 10
1628 10
1629 10
1630 10
1631 10
1632 10
1633 10
1634 10
1635 10
1636 10
1637 10
1638 10
1639 10
1640 10
1641 10
1642 10
1643 10
1644 10
1645 10
1646 10
1647 10
1648 10
1649 10
1650 10
1651 10
1652 10
1653 10
1654 10
1655 10
1656 10
1657 10
1658 10
1659 10
1660 10
1661 10
1662 10
1663 10
1664 10
1665 10
1666 10
1667 10
1668 10
1669 10
1670 10
1671 10
1672 10
1673 10
1674 10
1675 10
1676 10
1677 10
1678 10
1679 10
1680 10
1681 10
1682 10
1683 10
1684 10
1685 10
1686 10
1687 10
1688 10
1689 10
1690 10
1691 10
1692 10
1693 10
1694 10
1695 10
1696 10
1697 10
1698 10
1699 10
1700 10
1701 10
1702 10
1703 10
1704 10
1705 10
1706 10
1707 10
1708 10
1709 10
1710 10
1711 10
1712 10
1713 10
1714 10
1715 10
1716 10
1717 10
1718 10
1719 10
1720 10
1721 10
1722 10
1723 10
1724 10
1725 10
1726 10
1727 10
1728 10
1729 10
1730 10
1731 10
1732 10
1733 10
1734 10
1735 10
1736 10
1737 10
1738 10
1739 10
1740 10
1741 10
1742 10
1743 10
1744 10
1745 10
1746 10
1747 10
1748 10
1749 10
1750 10
1751 10
1752 10
1753 10
1754 10
1755 10
1756 10
1757 10
1758 10
1759 10
1760 10
1761 10
1762 10
1763 10
1764 10
1765 10
1766 10
1767 10
1768 10
1769 10
1770 10
1771 10
1772 10
1773 10
1774 10
1775 10
1776 10
1777 10
1778 10
1779 10
1780 10
1781 10
1782 10
1783 10
1784 10
1785 10
1786 10
1787 10
1788 10
1789 10
1790 10
1791 10
1792 10
1793 10
1794 10
1795 10
1796 10
1797 10
1798 10
1799 10
1800 10
1801 10
1802 10
1803 10
1804 10
1805 10
1806 10
1807 10
1808 10
1809 10
1810 10
1811 10
1812 10
1813 10
1814 10
1815 10
1816 10
1817 10
1818 10
1819 10
1820 10
1821 10
1822 10
1823 10
1824 10
1825 10
1826 10
1827 10
1828 10
1829 10
1830 10
1831 10
1832 10
1833 10
1834 10
1835 10
1836 10
1837 10
1838 10
1839 10
1840 10
1841 10
1842 10
1843 10
1844 10
1845 10
1846 10
1847 10
1848 10
1849 10
1850 10
1851 10
1852 10
1853 10
1854 10
1855 10
1856 10
1857 10
1858 10
1859 10
1860 10
1861 10
1862 10
1863 10
1864 10
1865 10
1866 10
1867 10
1868 10
1869 10
1870 10
1871 10
1872 10
1873 10
1874 10
1875 10
1876 10
1877 10
1878 10
1879 10
1880 10
1881 10
1882 10
1883 10
1884 10
1885 10
1886 10
1887 10
1888 10
1889 10
1890 10
1891 10
1892 10
1893 10
1894 10
1895 10
1896 10
1897 10
1898 10
1899 10
1900 10
1901 10
1902 10
1903 10
1904 10
1905 10
1906 10
1907 10
1908 10
1909 10
1910 10
1911 10
1912 10
1913 10
1914 10
1915 10
1916 10
1917 10
1918 10
1919 10
1920 10
1921 10
1922 10
1923 10
1924 10
1925 10
1926 10
1927 10
1928 10
1929 10
1930 10
1931 10
1932 10
1933 10
1934 10
1935 10
1936 10
1937 10
1938 10
1939 10
1940 10
1941 10
1942 10
1943 10
1944 10
1945 10
1946 10
1947 10
1948 10
1949 10
1950 10
1951 10
1952 10
1953 10
1954 10
1955 10
1956 10
1957 10
1958 10
1959 10
1960 10
1961 10
1962 10
1963 10
1964 10
1965 10
1966 10
1967 10
1968 10
1969 10
1970 10
1971 10
1972 10
1973 10
1974 10
1975 10
1976 10
1977 10
1978 10
1979 10
1980 10
1981 10
1982 10
1983 10
1984 10
1985 10
1986 10
1987 10
1988 10
1989 10
1990 10
1991 10
1992 10
1993 10
1994 10
1995 10
1996 10
1997 10
1998 10
1999 10
2000 10
2001 10
2002 10
2003 10
2004 10
2005 10
2006 10
2007 10
2008 10
2009 10
2010 10
2011 10
2012 10
2013 10
2014 10
2015 10
2016 10
2017 10
2018 10
2019 10
2020 10
2021 10
2022 10
2023 10
2024 10
2025 10
2026 10
2027 10
2028 10
2029 10
2030 10
2031 10
2032 10
2033 10
2034 10
2035 10
2036 10
2037 10
2038 10
2039 10
2040 10
2041 10
2042 10
2043 10
2044 10
2045 10
2046 10
2047 10
2048 10
2049 10
2050 10
2051 10
2052 10
2053 10
2054 10
2055 10
2056 10
2057 10
2058 10
2059 10
2060 10
2061 10
2062 10
2063 10
2064 10
2065 10
2066 10
2067 10
2068 10
2069 10
2070 10
2071 10
2072 10
2073 10
2074 10
2075 10
2076 10
2077 10
2078 10
2079 10
2080 10
2081 10
2082 10
2083 10
2084 10
2085 10
2086 10
2087 10
2088 10
2089 10
2090 10
2091 10
2092 10
2093 10
2094 10
2095 10
2096 10
2097 10
2098 10
2099 10
2100 10
2101 10
2102 10
2103 10
2104 10
2105 10
2106 10
2107 10
2108 10
2109 10
2110 10
2111 10
2112 10
2113 10
2114 10
2115 10
2116 10
2117 10
2118 10
2119 10
2120 10
2121 10
2122 10
2123 10
2124 10
2125 10
2126 10
2127 10
2128 10
2129 10
2130 10
2131 10
2132 10
2133 10
2134 10
2135 10
2136 10
2137 10
2138 10
2139 10
2140 10
2141 10
2142 10
2143 10
2144 10
2145 10
2146 10
2147 10
2148 10
2149 10
2150 10
2151 10
2152 10
2153 10
2154 10
2155 10
2156 10
2157 10
2158 10
2159 10
2160 10
2161 10
2162 10
2163 10
2164 10
2165 10
2166 10
2167 10
2168 10
2169 10
2170 10
2171 10
2172 10
2173 10
2174 10
2175 10
2176 10
2177 10
2178 10
2179 10
2180 10
2181 10
2182 10
2183 10
2184 10
2185 10
2186 10
2187 10
2188 10
2189 10
2190 10
2191 10
2192 10
2193 10
2194 10
2195 10
2196 10
2197 10
2198 10
2199 10
2200 10
2201 10
2202 10
2203 10
2204 10
2205 10
2206 10
2207 10
2208 10
2209 10
2210 10
2211 10
2212 10
2213 10
2214 10
2215 10
2216 10
2217 10
2218 10
2219 10
2220 10
2221 10
2222 10
2223 10
2224 10
2225 10
2226 10
2227 10
2228 10
2229 10
2230 10
2231 10
2232 10
2233 10
2234 10
2235 10
2236 10
2237 10
2238 10
2239 10
2240 10
2241 10
2242 10
2243 10
2244 10
2245 10
2246 10
2247 10
2248 10
2249 10
2250 10
2251 10
2252 10
2253 10
2254 10
2255 10
2256 10
2257 10
2258 10
2259 10
2260 10
2261 10
2262 10
2263 10
2264 10
2265 10
2266 10
2267 10
2268 10
2269 10
2270 10
2271 10
2272 10
2273 10
2274 10
2275 10
2276 10
2277 10
2278 10
2279 10
2280 10
2281 10
2282 10
2283 10
2284 10
2285 10
2286 10
2287 10
2288 10
2289 10
2290 10
2291 10
2292 10
2293 10
2294 10
2295 10
2296 10
2297 10
2298 10
2299 10
2300 10
2301 10
2302 10
2303 10
2304 10
2305 10
2306 10
2307 10
2308 10
2309 10
2310 10
2311 10
2312 10
2313 10
2314 10
2315 10
2316 10
2317 10
2318 10
2319 10
2320 10
2321 10
2322 10
2323 10
2324 10
2325 10
2326 10
2327 10
2328 10
2329 10
2330 10
2331 10
2332 10
2333 10
2334 10
2335 10
2336 10
2337 10
2338 10
2339 10
2340 10
2341 10
2342 10
2343 10
2344 10
2345 10
2346 10
2347 10
2348 10
2349 10
2350 10
2351 10
2352 10
2353 10
2354 10
2355 10
2356 10
2357 10
2358 10
2359 10
2360 10
2361 10
2362 10
2363 10
2364 10
2365 10
2366 10
2367 10
2368 10
2369 10
2370 10
2371 10
2372 10
2373 10
2374 10
2375 10
2376 10
2377 10
2378 10
2379 10
2380 10
2381 10
2382 10
2383 10
2384 10
2385 10
2386 10
2387 10
2388 10
2389 10
2390 10
2391 10
2392 10
2393 10
2394 10
2395 10
2396 10
2397 10
2398 10
2399 10
2400 10
2401 10
2402 10
2403 10
2404 10
2405 10
2406 10
2407 10
2408 10
2409 10
2410 10
2411 10
2412 10
2413 10
2414 10
2415 10
2416 10
2417 10
2418 10
2419 10
2420 10
2421 10
2422 10
2423 10
2424 10
2425 10
2426 10
2427 10
2428 10
2429 10
2430 10
2431 10
2432 10
2433 10
2434 10
2435 10
2436 10
2437 10
2438 10
2439 10
2440 10
2441 10
2442 10
2443 10
2444 10
2445 10
2446 10
2447 10
2448 10
2449 10
2450 10
2451 10
2452 10
2453 10
2454 10
2455 10
2456 10
2457 10
2458 10
2459 10
2460 10
2461 10
2462 10
2463 10
2464 10
2465 10
2466 10
2467 10
2468 10
2469 10
2470 10
2471 10
2472 10
2473 10
2474 10
2475 10
2476 10
2477 10
2478 10
2479 10
2480 10
2481 10
2482 10
2483 10
2484 10
2485 10
2486 10
2487 10
2488 10
2489 10
2490 10
2491 10
2492 10
2493 10
2494 10
2495 10
2496 10
2497 10
2498 10
2499 10
2500 10
2501 10
2502 10
2503 10
2504 10
2505 10
2506 10
2507 10
2508 10
2509 10
2510 10
2511 10
2512 10
2513 10
2514 10
2515 10
2516 10
2517 10
2518 10
2519 10
2520 10
2521 10
2522 10
2523 10
2524 10
2525 10
2526 10
2527 10
2528 10
2529 10
2530 10
2531 10
2532 10
2533 10
2534 10
2535 10
2536 10
2537 10
2538 10
2539 10
2540 10
2541 10
2542 10
2543 10
2544 10
2545 10
2546 10
2547 10
2548 10
2549 10
2550 10
2551 10
2552 10
2553 10
2554 10
2555 10
2556 10
2557 10
2558 10
2559 10
2560 10
2561 10
2562 10
2563 10
2564 10
2565 10
2566 10
2567 10
2568 10
2569 10
2570 10
2571 10
2572 10
2573 10
2574 10
2575 10
2576 10
2577 10
2578 10
2579 10
2580 10
2581 10
2582 10
2583 10
2584 10
2585 10
2586 10
2587 10
2588 10
2589 10
2590 10
2591 10
2592 10
2593 10
2594 10
2595 10
2596 10
2597 10
2598 10
2599 10
2600 10
2601 10
2602 10
2603 10
2604 10
2605 10
2606 10
2607 10
2608 10
2609 10
2610 10
2611 10
2612 10
2613 10
2614 10
2615 10
2616 10
2617 10
2618 10
2619 10
2620 10
2621 10
2622 10
2623 10
2624 10
2625 10
2626 10
2627 10
2628 10
2629 10
2630 10
2631 10
2632 10
2633 10
2634 10
2635 10
2636 10
2637 10
2638 10
2639 10
2640 10
2641 10
2642 10
2643 10
2644 10
2645 10
2646 10
2647 10
2648 10
2649 10
2650 10
2651 10
2652 10
2653 10
2654 10
2655 4
2656 4
2657 4
2658 4
2659 4
2660 4
2661 4
2662 4
2663 4
2664 4
2665 4
2666 4
2667 4
2668 4
2669 4
2670 4
2671 4
2672 4
2673 4
2674 4
2675 4
2676 4
2677 4
2678 4
2679 4
2680 4
2681 4
2682 4
2683 4
2684 4
2685 4
2686 4
2687 4
2688 4
2689 4
2690 4
2691 4
2692 4
2693 4
2694 4
2695 4
2696 4
2697 4
2698 4
2699 4
2700 4
2701 4
2702 4
2703 4
2704 4
2705 4
2706 4
2707 4
2708 4
2709 4
2710 4
2711 4
2712 4
2713 4
2714 4
2715 4
2716 4
2717 4
2718 4
2719 4
2720 4
2721 4
2722 4
2723 4
2724 4
2725 4
2726 4
2727 4
2728 4
2729 4
2730 4
2731 4
2732 4
2733 4
2734 4
2735 4
2736 4
2737 4
2738 4
2739 4
2740 4
2741 4
2742 4
2743 4
2744 4
2745 4
2746 4
2747 4
2748 4
2749 4
2750 4
2751 4
2752 4
2753 4
2754 4
2755 4
2756 4
2757 4
2758 4
2759 4
2760 4
2761 4
2762 4
2763 4
2764 4
2765 4
2766 4
2767 4
2768 4
2769 4
2770 4
2771 4
2772 4
2773 4
2774 4
2775 4
2776 4
2777 4
2778 4
2779 4
2780 4
2781 4
2782 4
2783 4
2784 4
2785 4
2786 4
2787 4
2788 4
2789 4
2790 4
2791 4
2792 4
2793 4
2794 4
2795 4
2796 4
2797 4
2798 4
2799 4
2800 4
2801 4
2802 4
2803 4
2804 4
2805 4
2806 4
2807 4
2808 4
2809 4
2810 4
2811 4
2812 4
2813 4
2814 4
2815 4
2816 4
2817 4
2818 4
2819 4
2820 4
2821 4
2822 4
2823 4
2824 4
2825 4
2826 4
2827 4
2828 4
2829 4
2830 4
2831 4
2832 4
2833 4
2834 4
2835 4
2836 4
2837 4
2838 4
2839 4
2840 4
2841 4
2842 4
2843 4
2844 4
2845 4
2846 4
2847 4
2848 4
2849 4
2850 4
2851 4
2852 4
2853 4
2854 4
2855 4
2856 4
2857 4
2858 4
2859 4
2860 4
2861 4
2862 4
2863 4
2864 4
2865 4
2866 4
2867 4
2868 4
2869 4
2870 4
2871 4
2872 4
2873 4
2874 4
2875 4
2876 4
2877 4
2878 4
2879 4
2880 4
2881 4
2882 4
2883 4
2884 4
2885 4
2886 4
2887 4
2888 4
2889 4
2890 4
2891 4
2892 4
2893 4
2894 4
2895 4
2896 4
2897 4
2898 4
2899 4
2900 4
2901 4
2902 4
2903 4
2904 4
2905 4
2906 4
2907 4
2908 4
2909 4
2910 4
2911 4
2912 4
2913 4
2914 4
2915 4
2916 4
2917 4
2918 4
2919 4
2920 4
2921 4
2922 4
2923 4
2924 4
2925 4
2926 4
2927 4
2928 4
2929 4
2930 4
2931 4
2932 4
2933 4
2934 4
2935 4
2936 4
2937 4
2938 4
2939 4
2940 4
2941 4
2942 4
2943 4
2944 4
2945 4
2946 4
2947 4
2948 4
2949 4
2950 4
2951 4
2952 4
2953 4
2954 4
2955 4
2956 4
2957 4
2958 4
2959 4
2960 4
2961 4
2962 4
2963 4
2964 4
2965 4
2966 4
2967 4
2968 4
2969 4
2970 4
2971 4
2972 4
2973 4
2974 4
2975 4
2976 4
2977 4
2978 4
2979 4
2980 4
2981 4
2982 4
2983 4
2984 4
2985 4
2986 4
2987 4
2988 4
2989 4
2990 4
2991 4
2992 4
2993 4
2994 4
2995 4
2996 4
2997 4
2998 4
2999 4
3000 4
3001 4
3002 4
3003 4
3004 4
3005 4
3006 4
3007 4
3008 4
3009 4
3010 4
3011 4
3012 4
3013 4
3014 4
3015 4
3016 4
3017 4
3018 4
3019 4
3020 4
3021 4
3022 4
3023 4
3024 4
3025 4
3026 4
3027 4
3028 4
3029 4
3030 4
3031 4
3032 4
3033 4
3034 4
3035 4
3036 4
3037 4
3038 4
3039 4
3040 4
3041 4
3042 4
3043 4
3044 4
3045 4
3046 4
3047 4
3048 4
3049 4
3050 4
3051 4
3052 4
3053 4
3054 4
3055 4
3056 4
3057 4
3058 4
3059 4
3060 4
3061 4
3062 4
3063 4
3064 4
3065 4
3066 4
3067 4
3068 4
3069 4
3070 4
3071 4
3072 4
3073 4
3074 4
3075 4
3076 4
3077 4
3078 4
3079 4
3080 4
3081 4
3082 4
3083 4
3084 4
3085 4
3086 4
3087 4
3088 4
3089 4
3090 4
3091 4
3092 4
3093 4
3094 4
3095 4
3096 4
3097 4
3098 4
3099 4
3100 4
3101 4
3102 4
3103 4
3104 4
3105 4
3106 4
3107 4
3108 4
3109 4
3110 4
3111 4
3112 4
3113 4
3114 4
3115 4
3116 4
3117 4
3118 4
3119 4
3120 4
3121 4
3122 4
3123 4
3124 4
3125 4
3126 4
3127 4
3128 4
3129 4
3130 4
3131 4
3132 4
3133 11
3134 11
3135 11
3136 11
3137 11
3138 11
3139 11
3140 11
3141 11
3142 11
3143 11
3144 11
3145 11
3146 11
3147 11
3148 11
3149 11
3150 11
3151 11
3152 11
3153 11
3154 11
3155 11
3156 11
3157 11
3158 11
3159 11
3160 11
3161 11
3162 11
3163 11
3164 11
3165 11
3166 11
3167 11
3168 11
3169 11
3170 11
3171 11
3172 11
3173 11
3174 11
3175 11
3176 11
3177 11
3178 11
3179 11
3180 11
3181 11
3182 11
3183 11
3184 11
3185 11
3186 11
3187 11
3188 11
3189 11
3190 11
3191 11
3192 11
3193 11
3194 11
3195 11
3196 11
3197 11
3198 11
3199 11
3200 11
3201 11
3202 11
3203 11
3204 11
3205 11
3206 11
3207 11
3208 11
3209 11
3210 11
3211 11
3212 11
3213 11
3214 11
3215 11
3216 11
3217 11
3218 11
3219 11
3220 11
3221 11
3222 11
3223 11
3224 11
3225 11
3226 11
3227 11
3228 11
3229 11
3230 11
3231 11
3232 11
3233 11
3234 11
3235 11
3236 11
3237 11
3238 11
3239 11
3240 11
3241 11
3242 11
3243 11
3244 11
3245 11
3246 11
3247 11
3248 11
3249 11
3250 11
3251 11
3252 11
3253 11
3254 11
3255 11
3256 11
3257 11
3258 11
3259 11
3260 11
3261 11
3262 11
3263 11
3264 11
3265 11
3266 11
3267 11
3268 11
3269 11
3270 11
3271 11
3272 11
3273 11
3274 11
3275 11
3276 11
3277 11
3278 11
3279 11
3280 11
3281 11
3282 11
3283 11
3284 11
3285 11
3286 11
3287 11
3288 11
3289 11
3290 11
3291 11
3292 11
3293 11
3294 11
3295 11
3296 11
3297 11
3298 11
3299 11
3300 11
3301 11
3302 11
3303 11
3304 11
3305 11
3306 11
3307 11
3308 11
3309 11
3310 11
3311 11
3312 11
3313 11
3314 11
3315 11
3316 11
3317 11
3318 11
3319 11
3320 11
3321 11
3322 11
3323 11
3324 11
3325 11
3326 11
3327 11
3328 11
3329 11
3330 11
3331 11
3332 11
3333 11
3334 11
3335 11
3336 11
3337 11
3338 11
3339 11
3340 11
3341 11
3342 11
3343 11
3344 11
3345 11
3346 11
3347 11
3348 11
3349 11
3350 11
3351 11
3352 11
3353 11
3354 11
3355 11
3356 11
3357 11
3358 11
3359 11
3360 11
3361 11
3362 11
3363 11
3364 11
3365 11
3366 11
3367 11
3368 11
3369 11
3370 11
3371 11
3372 11
3373 11
3374 11
3375 11
3376 11
3377 11
3378 11
3379 11
3380 11
3381 11
3382 11
3383 11
3384 11
3385 11
3386 11
3387 11
3388 11
3389 11
3390 11
3391 11
3392 11
3393 11
3394 11
3395 11
3396 11
3397 11
3398 11
3399 11
3400 11
3401 11
3402 11
3403 11
3404 11
3405 11
3406 11
3407 11
3408 11
3409 11
3410 11
3411 11
3412 11
3413 11
3414 11
3415 11
3416 11
3417 11
3418 11
3419 11
3420 11
3421 11
3422 11
3423 11
3424 11
3425 11
3426 11
3427 11
3428 11
3429 11
3430 11
3431 11
3432 11
3433 11
3434 11
3435 11
3436 11
3437 11
3438 11
3439 11
3440 11
3441 11
3442 11
3443 11
3444 11
3445 11
3446 11
3447 11
3448 11
3449 11
3450 11
3451 11
3452 11
3453 11
3454 11
3455 11
3456 11
3457 11
3458 11
3459 11
3460 11
3461 11
3462 11
3463 11
3464 11
3465 11
3466 11
3467 11
3468 11
3469 11
3470 11
3471 11
3472 11
3473 11
3474 11
3475 11
3476 11
3477 11
3478 11
3479 11
3480 11
3481 11
3482 11
3483 11
3484 11
3485 11
3486 11
3487 11
3488 11
3489 11
3490 11
3491 11
3492 11
3493 11
3494 11
3495 11
3496 11
3497 11
3498 11
3499 11
3500 11
3501 11
3502 11
3503 11
3504 11
3505 11
3506 11
3507 11
3508 11
3509 11
3510 11
3511 11
3512 11
3513 11
3514 11
3515 11
3516 11
3517 11
3518 11
3519 11
3520 11
3521 11
3522 11
3523 11
3524 11
3525 11
3526 11
3527 11
3528 11
3529 11
3530 11
3531 11
3532 11
3533 11
3534 11
3535 11
3536 11
3537 11
3538 11
3539 11
3540 11
3541 11
3542 11
3543 11
3544 11
3545 11
3546 11
3547 11
3548 11
3549 11
3550 11
3551 6
3552 6
3553 6
3554 6
3555 6
3556 6
3557 6
3558 6
3559 6
3560 6
3561 6
3562 6
3563 6
3564 6
3565 6
3566 6
3567 6
3568 6
3569 6
3570 6
3571 6
3572 6
3573 6
3574 6
3575 6
3576 6
3577 6
3578 6
3579 6
3580 6
3581 6
3582 6
3583 6
3584 6
3585 6
3586 6
3587 6
3588 6
3589 6
3590 6
3591 6
3592 6
3593 6
3594 6
3595 6
3596 6
3597 6
3598 6
3599 6
3600 6
3601 6
3602 6
3603 6
3604 6
3605 6
3606 6
3607 6
3608 6
3609 6
3610 6
3611 6
3612 6
3613 6
3614 6
3615 6
3616 6
3617 6
3618 6
3619 6
3620 6
3621 6
3622 6
3623 6
3624 6
3625 6
3626 6
3627 6
3628 6
3629 6
3630 6
3631 6
3632 6
3633 6
3634 6
3635 6
3636 6
3637 6
3638 6
3639 6
3640 6
3641 6
3642 6
3643 6
3644 6
3645 6
3646 6
3647 6
3648 6
3649 6
3650 6
3651 6
3652 6
3653 6
3654 6
3655 6
3656 6
3657 6
3658 6
3659 6
3660 6
3661 6
3662 6
3663 6
3664 6
3665 6
3666 6
3667 6
3668 6
3669 6
3670 6
3671 6
3672 6
3673 6
3674 6
3675 6
3676 6
3677 6
3678 6
3679 6
3680 6
3681 6
3682 6
3683 6
3684 6
3685 6
3686 6
3687 6
3688 6
3689 6
3690 6
3691 6
3692 6
3693 6
3694 6
3695 6
3696 6
3697 6
3698 6
3699 6
3700 6
3701 6
3702 6
3703 6
3704 6
3705 6
3706 6
3707 6
3708 6
3709 6
3710 6
3711 6
3712 6
3713 6
3714 6
3715 6
3716 6
3717 6
3718 6
3719 6
3720 6
3721 6
3722 6
3723 6
3724 6
3725 6
3726 6
3727 6
3728 6
3729 6
3730 6
3731 6
3732 6
3733 6
3734 6
3735 6
3736 6
3737 6
3738 6
3739 6
3740 6
3741 6
3742 6
3743 6
3744 6
3745 6
3746 6
3747 6
3748 6
3749 6
3750 6
3751 6
3752 6
3753 6
3754 6
3755 6
3756 6
3757 6
3758 6
3759 6
3760 6
3761 6
3762 6
3763 6
3764 6
3765 6
3766 6
3767 6
3768 6
3769 6
3770 6
3771 6
3772 6
3773 6
3774 6
3775 6
3776 6
3777 6
3778 6
3779 6
3780 6
3781 6
3782 6
3783 6
3784 6
3785 6
3786 6
3787 6
3788 6
3789 6
3790 6
3791 6
3792 6
3793 6
3794 6
3795 6
3796 6
3797 6
3798 6
3799 6
3800 6
3801 6
3802 6
3803 6
3804 6
3805 6
3806 6
3807 6
3808 6
3809 6
3810 6
3811 6
3812 6
3813 6
3814 6
3815 6
3816 6
3817 6
3818 6
3819 6
3820 6
3821 6
3822 6
3823 6
3824 6
3825 6
3826 6
3827 6
3828 6
3829 6
3830 6
3831 6
3832 6
3833 6
3834 6
3835 6
3836 6
3837 6
3838 6
3839 6
3840 6
3841 6
3842 6
3843 6
3844 6
3845 6
3846 6
3847 6
3848 6
3849 6
3850 6
3851 6
3852 6
3853 6
3854 6
3855 6
3856 0
3857 0
3858 0
3859 0
3860 0
3861 0
3862 0
3863 0
3864 0
3865 0
3866 0
3867 0
3868 0
3869 0
3870 0
3871 0
3872 0
3873 0
3874 0
3875 0
3876 0
3877 0
3878 0
3879 0
3880 0
3881 0
3882 0
3883 0
3884 0
3885 0
3886 0
3887 0
3888 0
3889 0
3890 0
3891 0
3892 0
3893 0
3894 0
3895 0
3896 0
3897 0
3898 0
3899 0
3900 0
3901 0
3902 0
3903 0
3904 0
3905 0
3906 0
3907 0
3908 0
3909 0
3910 0
3911 0
3912 0
3913 0
3914 0
3915 0
3916 0
3917 0
3918 0
3919 0
3920 0
3921 0
3922 0
3923 0
3924 0
3925 0
3926 0
3927 0
3928 0
3929 0
3930 0
3931 0
3932 0
3933 0
3934 0
3935 0
3936 0
3937 0
3938 0
3939 0
3940 0
3941 0
3942 0
3943 0
3944 0
3945 0
3946 0
3947 0
3948 0
3949 0
3950 0
3951 0
3952 0
3953 0
3954 0
3955 0
3956 0
3957 0
3958 0
3959 0
3960 0
3961 0
3962 0
3963 0
3964 0
3965 0
3966 0
3967 0
3968 0
3969 0
3970 0
3971 0
3972 0
3973 0
3974 0
3975 0
3976 0
3977 0
3978 0
3979 0
3980 0
3981 0
3982 0
3983 0
3984 0
3985 0
3986 0
3987 0
3988 0
3989 0
3990 0
3991 0
3992 0
3993 0
3994 0
3995 0
3996 0
3997 0
3998 0
3999 0
4000 0
4001 0
4002 0
4003 0
4004 0
4005 0
4006 0
4007 0
4008 0
4009 0
4010 0
4011 0
4012 0
4013 0
4014 0
4015 0
4016 0
4017 0
4018 0
4019 0
4020 0
4021 0
4022 0
4023 0
4024 0
4025 0
4026 0
4027 0
4028 0
4029 0
4030 0
4031 0
4032 0
4033 0
4034 0
4035 0
4036 0
4037 0
4038 0
4039 0
4040 0
4041 0
4042 0
4043 0
4044 0
4045 0
4046 0
4047 0
4048 0
4049 0
4050 0
4051 0
4052 0
4053 0
4054 0
4055 0
4056 0
4057 0
4058 0
4059 0
4060 0
4061 0
4062 0
4063 0
4064 0
4065 0
4066 0
4067 0
4068 0
4069 0
4070 0
4071 0
4072 0
4073 0
4074 0
4075 0
4076 0
4077 0
4078 0
4079 0
4080 0
4081 0
4082 0
4083 0
4084 0
4085 0
4086 0
4087 0
4088 0
4089 0
4090 0
4091 0
4092 0
4093 0
4094 0
4095 0
4096 0
4097 0
4098 0
4099 0
4100 0
4101 0
4102 0
4103 0
4104 0
4105 0
4106 0
4107 0
4108 0
4109 0
4110 0
4111 0
4112 0
4113 0
4114 0
4115 0
4116 0
4117 0
4118 0
4119 0
4120 0
4121 0
4122 0
4123 0
4124 0
4125 0
4126 0
4127 0
4128 0
4129 0
4130 0
4131 0
4132 0
4133 0
4134 0
4135 0
4136 0
4137 0
4138 0
4139 0
4140 0
4141 0
4142 0
4143 0
4144 0
4145 0
4146 0
4147 0
4148 0
4149 0
4150 0
4151 0
4152 0
4153 0
4154 0
4155 0
4156 0
4157 0
4158 0
4159 0
4160 0
4161 0
4162 0
4163 0
4164 0
4165 0
4166 0
4167 0
4168 0
4169 0
4170 0
4171 0
4172 0
4173 0
4174 0
4175 0
4176 0
4177 0
4178 0
4179 0
4180 0
4181 0
4182 0
4183 0
4184 0
4185 0
4186 0
4187 0
4188 0
4189 0
4190 0
4191 0
4192 0
4193 0
4194 0
4195 0
4196 0
4197 0
4198 0
4199 0
4200 0
4201 0
4202 0
4203 0
4204 0
4205 0
4206 0
4207 0
4208 0
4209 0
4210 0
4211 0
4212 0
4213 0
4214 0
4215 0
4216 0
4217 0
4218 0
4219 0
4220 0
4221 0
4222 0
4223 0
4224 0
4225 0
4226 0
4227 0
4228 0
4229 0
4230 0
4231 0
4232 0
4233 0
4234 0
4235 0
4236 0
4237 0
4238 0
4239 0
4240 0
4241 0
4242 0
4243 0
4244 0
4245 0
4246 0
4247 0
4248 0
4249 0
4250 0
4251 0
4252 0
4253 0
4254 0
4255 0
4256 0
4257 0
4258 0
4259 0
4260 0
4261 0
4262 0
4263 0
4264 0
4265 0
4266 0
4267 0
4268 0
4269 0
4270 0
4271 0
4272 0
4273 0
4274 0
4275 0
4276 0
4277 0
4278 0
4279 0
4280 0
4281 0
4282 0
4283 0
4284 0
4285 0
4286 0
4287 0
4288 0
4289 0
4290 0
4291 0
4292 0
4293 0
4294 0
4295 0
4296 0
4297 0
4298 0
4299 0
4300 0
4301 0
4302 0
4303 0
4304 0
4305 0
4306 0
4307 0
4308 0
4309 0
4310 0
4311 0
4312 0
4313 0
4314 0
4315 0
4316 0
4317 0
4318 0
4319 0
4320 0
4321 0
4322 0
4323 0
4324 0
4325 0
4326 0
4327 0
4328 0
4329 0
4330 0
4331 0
4332 0
4333 0
4334 0
4335 0
4336 0
4337 0
4338 0
4339 0
4340 0
4341 0
4342 0
4343 0
4344 0
4345 0
4346 0
4347 0
4348 0
4349 0
4350 0
4351 0
4352 0
4353 0
4354 0
4355 0
4356 0
4357 0
4358 0
4359 0
4360 0
4361 0
4362 0
4363 0
4364 0
4365 0
4366 0
4367 0
4368 0
4369 0
4370 0
4371 0
4372 0
4373 0
4374 0
4375 0
4376 0
4377 0
4378 0
4379 0
4380 0
4381 0
4382 0
4383 0
4384 0
4385 0
4386 0
4387 0
4388 0
4389 0
4390 0
4391 0
4392 0
4393 0
4394 0
4395 0
4396 0
4397 0
4398 0
4399 0
4400 0
4401 0
4402 0
4403 0
4404 0
4405 0
4406 0
4407 0
4408 0
4409 0
4410 0
4411 0
4412 0
4413 0
4414 0
4415 0
4416 0
4417 0
4418 0
4419 0
4420 0
4421 0
4422 0
4423 0
4424 0
4425 0
4426 0
4427 0
4428 0
4429 0
4430 0
4431 0
4432 0
4433 0
4434 0
4435 0
4436 0
4437 0
4438 0
4439 0
4440 0
4441 0
4442 0
4443 0
4444 0
4445 0
4446 0
4447 0
4448 0
4449 0
4450 0
4451 0
4452 0
4453 0
4454 0
4455 0
4456 0
4457 0
4458 0
4459 0
4460 0
4461 0
4462 0
4463 0
4464 0
4465 0
4466 0
4467 0
4468 0
4469 0
4470 0
4471 0
4472 0
4473 0
4474 0
4475 0
4476 0
4477 0
4478 0
4479 0
4480 0
4481 0
4482 0
4483 0
4484 0
4485 0
4486 13
4487 13
4488 13
4489 13
4490 13
4491 13
4492 13
4493 13
4494 13
4495 13
4496 13
4497 13
4498 13
4499 13
4500 13
4501 13
4502 13
4503 13
4504 13
4505 13
4506 13
4507 13
4508 13
4509 13
4510 13
4511 13
4512 13
4513 13
4514 13
4515 13
4516 13
4517 13
4518 13
4519 13
4520 13
4521 13
4522 13
4523 13
4524 13
4525 13
4526 13
4527 13
4528 13
4529 13
4530 13
4531 13
4532 13
4533 13
4534 13
4535 13
4536 13
4537 13
4538 13
4539 13
4540 13
4541 13
4542 13
4543 13
4544 13
4545 13
4546 13
4547 13
4548 13
4549 13
4550 13
4551 13
4552 13
4553 13
4554 13
4555 13
4556 13
4557 13
4558 13
4559 13
4560 13
4561 13
4562 13
4563 13
4564 13
4565 13
4566 13
4567 13
4568 13
4569 13
4570 13
4571 13
4572 13
4573 13
4574 13
4575 13
4576 13
4577 13
4578 13
4579 13
4580 13
4581 13
4582 13
4583 13
4584 13
4585 13
4586 13
4587 13
4588 13
4589 13
4590 13
4591 13
4592 13
4593 13
4594 13
4595 13
4596 13
4597 13
4598 13
4599 13
4600 13
4601 13
4602 13
4603 13
4604 13
4605 13
4606 13
4607 13
4608 13
4609 13
4610 13
4611 13
4612 13
4613 13
4614 13
4615 13
4616 13
4617 13
4618 13
4619 13
4620 13
4621 13
4622 13
4623 13
4624 13
4625 13
4626 13
4627 13
4628 13
4629 13
4630 13
4631 13
4632 13
4633 13
4634 13
4635 13
4636 13
4637 13
4638 13
4639 13
4640 13
4641 13
4642 13
4643 13
4644 13
4645 13
4646 13
4647 13
4648 13
4649 13
4650 13
4651 13
4652 13
4653 13
4654 13
4655 13
4656 13
4657 13
4658 13
4659 13
4660 13
4661 13
4662 13
4663 13
4664 13
4665 13
4666 13
4667 13
4668 13
4669 13
4670 13
4671 13
4672 13
4673 13
4674 13
4675 13
4676 13
4677 13
4678 13
4679 13
4680 13
4681 13
4682 13
4683 13
4684 13
4685 13
4686 13
4687 13
4688 13
4689 13
4690 13
4691 13
4692 13
4693 13
4694 13
4695 13
4696 13
4697 13
4698 13
4699 13
4700 13
4701 13
4702 13
4703 13
4704 13
4705 13
4706 13
4707 13
4708 13
4709 13
4710 13
4711 13
4712 13
4713 13
4714 13
4715 13
4716 13
4717 13
4718 13
4719 13
4720 13
4721 13
4722 13
4723 13
4724 13
4725 13
4726 13
4727 13
4728 13
4729 13
4730 13
4731 13
4732 13
4733 13
4734 13
4735 13
4736 13
4737 13
4738 13
4739 13
4740 13
4741 13
4742 13
4743 13
4744 13
4745 13
4746 13
4747 13
4748 13
4749 13
4750 13
4751 13
4752 13
4753 13
4754 13
4755 13
4756 13
4757 13
4758 13
4759 13
4760 13
4761 13
4762 13
4763 13
4764 13
4765 13
4766 13
4767 13
4768 13
4769 13
4770 13
4771 13
4772 13
4773 13
4774 13
4775 13
4776 13
4777 13
4778 13
4779 13
4780 13
4781 13
4782 13
4783 13
4784 13
4785 13
4786 13
4787 13
4788 13
4789 13
4790 13
4791 13
4792 13
4793 13
4794 13
4795 13
4796 13
4797 13
4798 13
4799 13
4800 13
4801 13
4802 13
4803 13
4804 13
4805 13
4806 13
4807 13
4808 13
4809 13
4810 13
4811 13
4812 13
4813 13
4814 13
4815 13
4816 13
4817 13
4818 13
4819 13
4820 13
4821 13
4822 13
4823 13
4824 13
4825 13
4826 13
4827 13
4828 13
4829 13
4830 13
4831 13
4832 13
4833 13
4834 13
4835 13
4836 13
4837 13
4838 13
4839 13
4840 13
4841 13
4842 13
4843 13
4844 13
4845 13
4846 13
4847 13
4848 13
4849 13
4850 13
4851 13
4852 13
4853 13
4854 13
4855 13
4856 13
4857 13
4858 13
4859 13
4860 13
4861 13
4862 13
4863 13
4864 13
4865 13
4866 13
4867 13
4868 13
4869 13
4870 13
4871 13
4872 13
4873 13
4874 13
4875 13
4876 13
4877 13
4878 13
4879 13
4880 13
4881 13
4882 13
4883 13
4884 13
4885 13
4886 13
4887 13
4888 13
4889 13
4890 13
4891 13
4892 13
4893 13
4894 13
4895 13
4896 13
4897 13
4898 13
4899 13
4900 13
4901 13
4902 13
4903 13
4904 13
4905 13
4906 13
4907 13
4908 13
4909 13
4910 13
4911 13
4912 13
4913 13
4914 13
4915 13
4916 13
4917 13
4918 13
4919 13
4920 13
4921 13
4922 13
4923 13
4924 13
4925 13
4926 13
4927 13
4928 13
4929 13
4930 13
4931 13
4932 13
4933 13
4934 13
4935 13
4936 13
4937 13
4938 13
4939 13
4940 13
4941 13
4942 13
4943 13
4944 13
4945 13
4946 13
4947 13
4948 13
4949 13
4950 13
4951 13
4952 13
4953 13
4954 13
4955 13
4956 13
4957 13
4958 13
4959 13
4960 13
4961 13
4962 13
4963 13
4964 13
4965 13
4966 13
4967 13
4968 13
4969 8
4970 8
4971 8
4972 8
4973 8
4974 8
4975 8
4976 8
4977 8
4978 8
4979 8
4980 8
4981 8
4982 8
4983 8
4984 8
4985 8
4986 8
4987 8
4988 8
4989 8
4990 8
4991 8
4992 8
4993 8
4994 8
4995 8
4996 8
4997 8
4998 8
4999 8
5000 8
5001 8
5002 8
5003 8
5004 8
5005 8
5006 8
5007 8
5008 8
5009 8
5010 8
5011 8
5012 8
5013 8
5014 8
5015 8
5016 8
5017 8
5018 8
5019 8
5020 8
5021 8
5022 8
5023 8
5024 8
5025 8
5026 8
5027 8
5028 8
5029 8
5030 8
5031 8
5032 8
5033 8
5034 8
5035 8
5036 8
5037 8
5038 8
5039 8
5040 8
5041 8
5042 8
5043 8
5044 8
5045 8
5046 8
5047 8
5048 8
5049 8
5050 8
5051 8
5052 8
5053 8
5054 8
5055 8
5056 8
5057 8
5058 8
5059 8
5060 8
5061 8
5062 8
5063 8
5064 8
5065 8
5066 8
5067 8
5068 8
5069 8
5070 8
5071 8
5072 8
5073 8
5074 8
5075 8
5076 8
5077 8
5078 8
5079 8
5080 8
5081 8
5082 8
5083 8
5084 8
5085 8
5086 8
5087 8
5088 8
5089 8
5090 8
5091 8
5092 8
5093 8
5094 8
5095 8
5096 8
5097 8
5098 8
5099 8
5100 8
5101 8
5102 8
5103 8
5104 8
5105 8
5106 8
5107 8
5108 8
5109 8
5110 8
5111 8
5112 8
5113 8
5114 8
5115 8
5116 8
5117 8
5118 8
5119 8
5120 8
5121 8
5122 8
5123 8
5124 8
5125 8
5126 8
5127 8
5128 8
5129 8
5130 8
5131 8
5132 8
5133 8
5134 8
5135 8
5136 8
5137 8
5138 8
5139 8
5140 8
5141 8
5142 8
5143 8
5144 8
5145 8
5146 8
5147 8
5148 8
5149 8
5150 8
5151 8
5152 8
5153 8
5154 8
5155 8
5156 8
5157 8
5158 8
5159 8
5160 8
5161 8
5162 8
5163 8
5164 8
5165 8
5166 8
5167 8
5168 8
5169 8
5170 8
5171 8
5172 8
5173 8
5174 8
5175 8
5176 8
5177 8
5178 8
5179 8
5180 8
5181 8
5182 8
5183 8
5184 8
5185 8
5186 8
5187 8
5188 8
5189 8
5190 8
5191 8
5192 8
5193 8
5194 8
5195 8
5196 8
5197 8
5198 8
5199 8
5200 8
5201 8
5202 8
5203 8
5204 8
5205 8
5206 8
5207 8
5208 8
5209 8
5210 8
5211 8
5212 8
5213 8
5214 8
5215 8
5216 8
5217 8
5218 8
5219 8
5220 8
5221 8
5222 8
5223 8
5224 8
5225 8
5226 8
5227 8
5228 8
5229 8
5230 8
5231 8
5232 8
5233 8
5234 8
5235 8
5236 8
5237 8
5238 8
5239 8
5240 8
5241 8
5242 8
5243 8
5244 8
5245 8
5246 8
5247 8
5248 8
5249 8
5250 8
5251 8
5252 8
5253 8
5254 8
5255 8
5256 8
5257 8
5258 8
5259 8
5260 8
5261 8
5262 8
5263 8
5264 8
5265 8
5266 8
5267 8
5268 8
5269 8
5270 8
5271 8
5272 8
5273 8
5274 8
5275 8
5276 8
5277 8
5278 8
5279 8
5280 8
5281 8
5282 8
5283 8
5284 8
5285 8
5286 8
5287 8
5288 8
5289 8
5290 8
5291 8
5292 8
5293 8
5294 8
5295 8
5296 8
5297 8
5298 8
5299 8
5300 8
5301 8
5302 8
5303 8
5304 8
5305 8
5306 8
5307 8
5308 8
5309 8
5310 8
5311 8
5312 8
5313 8
5314 8
5315 8
5316 8
5317 8
5318 8
5319 8
5320 8
5321 8
5322 8
5323 8
5324 8
5325 8
5326 8
5327 8
5328 8
5329 8
5330 8
5331 8
5332 8
5333 8
5334 8
5335 8
5336 8
5337 8
5338 8
5339 8
5340 8
5341 8
5342 8
5343 8
5344 8
5345 8
5346 8
5347 8
5348 8
5349 8
5350 8
5351 8
5352 8
5353 8
5354 8
5355 8
5356 8
5357 8
5358 8
5359 8
5360 8
5361 8
5362 8
5363 8
5364 8
5365 8
5366 8
5367 8
5368 8
5369 8
5370 8
5371 8
5372 8
5373 8
5374 8
5375 8
5376 8
5377 8
5378 8
5379 8
5380 8
5381 8
5382 8
5383 8
5384 8
5385 8
5386 8
5387 8
5388 8
5389 8
5390 8
5391 8
5392 8
5393 8
5394 8
5395 8
5396 8
5397 8
5398 8
5399 8
5400 8
5401 8
5402 8
5403 8
5404 8
5405 8
5406 8
5407 8
5408 8
5409 8
5410 8
5411 8
5412 8
5413 8
5414 8
5415 8
5416 8
5417 8
5418 8
5419 8
5420 8
5421 8
5422 8
5423 8
5424 8
5425 8
5426 8
5427 8
5428 8
5429 8
5430 8
5431 8
5432 8
5433 8
5434 8
5435 8
5436 8
5437 8
5438 8
5439 8
5440 8
5441 8
5442 8
5443 8
5444 8
5445 8
5446 8
5447 8
5448 8
5449 8
5450 8
5451 8
5452 8
5453 8
5454 8
5455 8
5456 8
5457 8
5458 8
5459 8
5460 8
5461 8
5462 8
5463 8
5464 8
5465 8
5466 8
5467 8
5468 8
5469 8
5470 8
5471 8
5472 8
5473 8
5474 8
5475 8
5476 8
5477 8
5478 8
5479 8
5480 8
5481 8
5482 8
5483 8
5484 8
5485 8
5486 8
5487 8
5488 8
5489 8
5490 8
5491 8
5492 8
5493 8
5494 8
5495 8
5496 8
5497 8
5498 8
5499 8
5500 8
5501 8
5502 8
5503 8
5504 8
5505 8
5506 8
5507 8
5508 8
5509 8
5510 8
5511 8
5512 8
5513 8
5514 8
5515 8
5516 8
5517 8
5518 8
5519 8
5520 8
5521 8
5522 8
5523 8
5524 8
5525 8
5526 8
5527 8
5528 8
5529 8
5530 8
5531 8
5532 8
5533 8
5534 8
5535 8
5536 8
5537 8
5538 8
5539 8
5540 8
5541 8
5542 8
5543 8
5544 8
5545 8
5546 8
5547 8
5548 8
5549 8
5550 8
5551 8
5552 8
5553 8
5554 8
5555 8
5556 8
5557 8
5558 8
5559 8
5560 8
5561 8
5562 8
5563 8
5564 8
5565 8
5566 8
5567 8
5568 8
5569 8
5570 8
5571 8
5572 8
5573 8
5574 8
5575 8
5576 8
5577 8
5578 8
5579 8
5580 8
5581 8
5582 8
5583 8
5584 8
5585 8
5586 8
5587 8
5588 8
5589 8
5590 8
5591 8
5592 8
5593 8
5594 8
5595 8
5596 8
5597 8
5598 8
5599 8
5600 8
5601 8
5602 12
5603 12
5604 12
5605 12
5606 12
5607 12
5608 12
5609 12
5610 12
5611 12
5612 12
5613 12
5614 12
5615 12
5616 12
5617 12
5618 12
5619 12
5620 12
5621 12
5622 12
5623 12
5624 12
5625 12
5626 12
5627 12
5628 12
5629 12
5630 12
5631 12
5632 12
5633 12
5634 12
5635 12
5636 12
5637 12
5638 12
5639 12
5640 12
5641 12
5642 12
5643 12
5644 12
5645 12
5646 12
5647 12
5648 12
5649 12
5650 12
5651 12
5652 12
5653 12
5654 12
5655 12
5656 12
5657 12
5658 12
5659 12
5660 12
5661 12
5662 12
5663 12
5664 12
5665 12
5666 12
5667 12
5668 12
5669 12
5670 12
5671 12
5672 12
5673 12
5674 12
5675 12
5676 12
5677 12
5678 12
5679 12
5680 12
5681 12
5682 12
5683 12
5684 12
5685 12
5686 12
5687 12
5688 12
5689 12
5690 12
5691 12
5692 12
5693 12
5694 12
5695 12
5696 12
5697 12
5698 12
5699 12
5700 12
5701 12
5702 12
5703 12
5704 12
5705 12
5706 12
5707 12
5708 12
5709 12
5710 12
5711 12
5712 12
5713 12
5714 12
5715 12
5716 12
5717 12
5718 12
5719 12
5720 12
5721 12
5722 12
5723 12
5724 12
5725 12
5726 12
5727 12
5728 12
5729 12
5730 12
5731 12
5732 12
5733 12
5734 12
5735 12
5736 12
5737 12
5738 12
5739 12
5740 12
5741 12
5742 12
5743 12
5744 12
5745 12
5746 12
5747 12
5748 12
5749 12
5750 12
5751 12
5752 12
5753 12
5754 12
5755 12
5756 12
5757 12
5758 12
5759 12
5760 12
5761 12
5762 12
5763 12
5764 12
5765 12
5766 12
5767 12
5768 12
5769 12
5770 12
5771 12
5772 12
5773 12
5774 12
5775 12
5776 12
5777 12
5778 12
5779 12
5780 12
5781 12
5782 12
5783 12
5784 12
5785 12
5786 12
5787 12
5788 12
5789 12
5790 12
5791 12
5792 12
5793 12
5794 12
5795 12
5796 12
5797 12
5798 12
5799 12
5800 12
5801 12
5802 12
5803 12
5804 12
5805 12
5806 12
5807 12
5808 12
5809 12
5810 12
5811 12
5812 12
5813 12
5814 12
5815 12
5816 12
5817 12
5818 12
5819 12
5820 12
5821 12
5822 12
5823 12
5824 12
5825 12
5826 12
5827 12
5828 12
5829 12
5830 12
5831 12
5832 12
5833 12
5834 12
5835 12
5836 12
5837 12
5838 12
5839 12
5840 12
5841 12
5842 12
5843 12
5844 12
5845 12
5846 12
5847 12
5848 12
5849 12
5850 12
5851 12
5852 12
5853 12
5854 12
5855 12
5856 12
5857 12
5858 12
5859 12
5860 12
5861 12
5862 12
5863 12
5864 12
5865 12
5866 12
5867 12
5868 12
5869 12
5870 12
5871 12
5872 12
5873 12
5874 12
5875 12
5876 12
5877 12
5878 12
5879 12
5880 12
5881 12
5882 12
5883 12
5884 12
5885 12
5886 12
5887 12
5888 12
5889 12
5890 12
5891 12
5892 12
5893 12
5894 12
5895 12
5896 12
5897 12
5898 12
5899 12
5900 12
5901 12
5902 12
5903 12
5904 12
5905 12
5906 12
5907 12
5908 12
5909 12
5910 12
5911 9
5912 9
5913 9
5914 9
5915 9
5916 9
5917 9
5918 9
5919 9
5920 9
5921 9
5922 9
5923 9
5924 9
5925 9
5926 9
5927 9
5928 9
5929 9
5930 9
5931 9
5932 9
5933 9
5934 9
5935 9
5936 9
5937 9
5938 9
5939 9
5940 9
5941 9
5942 9
5943 9
5944 9
5945 9
5946 9
5947 9
5948 9
5949 9
5950 9
5951 9
5952 9
5953 9
5954 9
5955 9
5956 9
5957 9
5958 9
5959 9
5960 9
5961 9
5962 9
5963 9
5964 9
5965 9
5966 9
5967 9
5968 9
5969 9
5970 9
5971 9
5972 9
5973 9
5974 9
5975 9
5976 9
5977 9
5978 9
5979 9
5980 9
5981 9
5982 9
5983 9
5984 9
5985 9
5986 9
5987 9
5988 9
5989 9
5990 9
5991 9
5992 9
5993 9
5994 9
5995 9
5996 9
5997 9
5998 9
5999 9
6000 9
6001 9
6002 9
6003 9
6004 9
6005 9
6006 9
6007 9
6008 9
6009 9
6010 9
6011 9
6012 9
6013 9
6014 9
6015 9
6016 9
6017 9
6018 9
6019 9
6020 9
6021 9
6022 9
6023 9
6024 9
6025 9
6026 9
6027 9
6028 9
6029 9
6030 9
6031 9
6032 9
6033 9
6034 9
6035 9
6036 9
6037 9
6038 9
6039 9
6040 9
6041 9
6042 9
6043 9
6044 9
6045 9
6046 9
6047 9
6048 9
6049 9
6050 9
6051 9
6052 9
6053 9
6054 9
6055 9
6056 9
6057 9
6058 9
6059 9
6060 9
6061 9
6062 9
6063 9
6064 9
6065 9
6066 9
6067 9
6068 9
6069 9
6070 9
6071 9
6072 9
6073 9
6074 9
6075 9
6076 9
6077 9
6078 9
6079 9
6080 9
6081 9
6082 9
6083 9
6084 9
6085 9
6086 9
6087 9
6088 9
6089 9
6090 9
6091 9
6092 9
6093 9
6094 9
6095 9
6096 9
6097 9
6098 9
6099 9
6100 9
6101 9
6102 9
6103 9
6104 9
6105 9
6106 9
6107 9
6108 9
6109 9
6110 9
6111 9
6112 9
6113 9
6114 9
6115 9
6116 9
6117 9
6118 9
6119 9
6120 9
6121 9
6122 9
6123 9
6124 9
6125 9
6126 9
6127 9
6128 9
6129 9
6130 9
6131 9
6132 9
6133 9
6134 9
6135 9
6136 9
6137 9
6138 9
6139 9
6140 9
6141 9
6142 9
6143 9
6144 9
6145 9
6146 9
6147 9
6148 9
6149 9
6150 9
6151 9
6152 9
6153 9
6154 9
6155 9
6156 9
6157 9
6158 9
6159 9
6160 9
6161 9
6162 9
6163 9
6164 9
6165 9
6166 9
6167 9
6168 9
6169 9
6170 9
6171 9
6172 9
6173 9
6174 9
6175 9
6176 9
6177 9
6178 9
6179 9
6180 9
6181 9
6182 9
6183 9
6184 9
6185 9
6186 9
6187 9
6188 9
6189 9
6190 9
6191 9
6192 9
6193 9
6194 9
6195 9
6196 9
6197 9
6198 9
6199 9
6200 9
6201 9
6202 9
6203 9
6204 9
6205 9
6206 9
6207 9
6208 9
6209 9
6210 9
6211 9
6212 9
6213 9
6214 9
6215 9
6216 9
6217 9
6218 9
6219 9
6220 9
6221 9
6222 9
6223 9
6224 9
6225 9
6226 9
6227 9
6228 9
6229 9
6230 9
6231 9
6232 9
6233 9
6234 9
6235 9
6236 9
6237 9
6238 9
6239 9
6240 9
6241 9
6242 9
6243 9
6244 9
6245 9
6246 9
6247 9
6248 9
6249 9
6250 9
6251 9
6252 9
6253 9
6254 9
6255 9
6256 9
6257 9
6258 9
6259 9
6260 9
6261 9
6262 9
6263 9
6264 9
6265 9
6266 9
6267 9
6268 9
6269 9
6270 9
6271 9
6272 9
6273 9
6274 9
6275 9
6276 9
6277 9
6278 9
6279 9
6280 9
6281 9
6282 9
6283 9
6284 9
6285 9
6286 9
6287 9
6288 9
6289 9
6290 9
6291 9
6292 9
6293 9
6294 9
6295 9
6296 9
6297 9
6298 9
6299 9
6300 9
6301 9
6302 9
6303 9
6304 9
6305 9
6306 9
6307 9
6308 9
6309 9
6310 9
6311 9
6312 9
6313 9
6314 9
6315 9
6316 9
6317 9
6318 9
6319 9
6320 9
6321 9
6322 9
6323 9
6324 9
6325 9
6326 9
6327 9
6328 9
6329 9
6330 9
6331 2
6332 2
6333 2
6334 2
6335 2
6336 2
6337 2
6338 2
6339 2
6340 2
6341 2
6342 2
6343 2
6344 2
6345 2
6346 2
6347 2
6348 2
6349 2
6350 2
6351 2
6352 2
6353 2
6354 2
6355 2
6356 2
6357 2
6358 2
6359 2
6360 2
6361 2
6362 2
6363 2
6364 2
6365 2
6366 2
6367 2
6368 2
6369 2
6370 2
6371 2
6372 2
6373 2
6374 2
6375 2
6376 2
6377 2
6378 2
6379 2
6380 2
6381 2
6382 2
6383 2
6384 2
6385 2
6386 2
6387 2
6388 2
6389 2
6390 2
6391 2
6392 2
6393 2
6394 2
6395 2
6396 2
6397 2
6398 2
6399 2
6400 2
6401 2
6402 2
6403 2
6404 2
6405 2
6406 2
6407 2
6408 2
6409 2
6410 2
6411 2
6412 2
6413 2
6414 2
6415 2
6416 2
6417 2
6418 2
6419 2
6420 2
6421 2
6422 2
6423 2
6424 2
6425 2
6426 2
6427 2
6428 2
6429 2
6430 2
6431 2
6432 2
6433 2
6434 2
6435 2
6436 2
6437 2
6438 2
6439 2
6440 2
6441 2
6442 2
6443 2
6444 2
6445 2
6446 2
6447 2
6448 2
6449 2
6450 2
6451 2
6452 2
6453 2
6454 2
6455 2
6456 2
6457 2
6458 2
6459 2
6460 2
6461 2
6462 2
6463 2
6464 2
6465 2
6466 2
6467 2
6468 2
6469 2
6470 2
6471 2
6472 2
6473 2
6474 2
6475 2
6476 2
6477 2
6478 2
6479 2
6480 2
6481 2
6482 2
6483 2
6484 2
6485 2
6486 2
6487 2
6488 2
6489 2
6490 2
6491 2
6492 2
6493 2
6494 2
6495 2
6496 2
6497 2
6498 2
6499 2
6500 2
6501 2
6502 2
6503 2
6504 2
6505 2
6506 2
6507 2
6508 2
6509 2
6510 2
6511 2
6512 2
6513 2
6514 2
6515 2
6516 2
6517 2
6518 2
6519 2
6520 2
6521 2
6522 2
6523 2
6524 2
6525 2
6526 2
6527 2
6528 2
6529 2
6530 2
6531 2
6532 2
6533 2
6534 2
6535 2
6536 2
6537 2
6538 2
6539 2
6540 2
6541 2
6542 2
6543 2
6544 2
6545 2
6546 2
6547 2
6548 2
6549 2
6550 2
6551 2
6552 2
6553 2
6554 2
6555 2
6556 2
6557 2
6558 2
6559 2
6560 2
6561 2
6562 2
6563 2
6564 2
6565 2
6566 2
6567 2
6568 2
6569 2
6570 2
6571 2
6572 2
6573 2
6574 2
6575 2
6576 2
6577 2
6578 2
6579 2
6580 2
6581 2
6582 2
6583 2
6584 2
6585 2
6586 2
6587 2
6588 2
6589 2
6590 2
6591 2
6592 2
6593 2
6594 2
6595 2
6596 2
6597 2
6598 2
6599 2
6600 2
6601 2
6602 2
6603 2
6604 2
6605 2
6606 2
6607 2
6608 2
6609 2
6610 2
6611 2
6612 2
6613 2
6614 2
6615 2
6616 2
6617 2
6618 2
6619 2
6620 2
6621 2
6622 2
6623 2
6624 2
6625 2
6626 2
6627 2
6628 2
6629 2
6630 2
6631 2
6632 2
6633 2
6634 2
6635 2
6636 2
6637 2
6638 2
6639 2
6640 2
6641 2
6642 2
6643 2
6644 2
6645 2
6646 2
6647 2
6648 2
6649 2
6650 2
6651 2
6652 2
6653 2
6654 2
6655 2
6656 2
6657 2
6658 2
6659 2
6660 2
6661 2
6662 2
6663 2
6664 2
6665 2
6666 2
6667 2
6668 2
6669 2
6670 2
6671 2
6672 2
6673 2
6674 2
6675 2
6676 2
6677 2
6678 2
6679 2
6680 2
6681 2
6682 2
6683 2
6684 2
6685 2
6686 2
6687 2
6688 2
6689 2
6690 2
6691 2
6692 2
6693 2
6694 2
6695 2
6696 2
6697 2
6698 2
6699 2
6700 2
6701 2
6702 2
6703 2
6704 2
6705 2
6706 2
6707 2
6708 2
6709 2
6710 2
6711 2
6712 5
6713 5
6714 5
6715 5
6716 5
6717 5
6718 5
6719 5
6720 5
6721 5
6722 5
6723 5
6724 5
6725 5
6726 5
6727 5
6728 5
6729 5
6730 5
6731 5
6732 5
6733 5
6734 5
6735 5
6736 5
6737 5
6738 5
6739 5
6740 5
6741 5
6742 5
6743 5
6744 5
6745 5
6746 5
6747 5
6748 5
6749 5
6750 5
6751 5
6752 5
6753 5
6754 5
6755 5
6756 5
6757 5
6758 5
6759 5
6760 5
6761 5
6762 5
6763 5
6764 5
6765 5
6766 5
6767 5
6768 5
6769 5
6770 5
6771 5
6772 5
6773 5
6774 5
6775 5
6776 5
6777 5
6778 5
6779 5
6780 5
6781 5
6782 5
6783 5
6784 5
6785 5
6786 5
6787 5
6788 5
6789 5
6790 5
6791 5
6792 5
6793 5
6794 5
6795 5
6796 5
6797 5
6798 5
6799 5
6800 5
6801 5
6802 5
6803 5
6804 5
6805 5
6806 5
6807 5
6808 5
6809 5
6810 5
6811 5
6812 5
6813 5
6814 5
6815 5
6816 5
6817 5
6818 5
6819 5
6820 5
6821 5
6822 5
6823 5
6824 5
6825 5
6826 5
6827 5
6828 5
6829 5
6830 5
6831 5
6832 5
6833 5
6834 5
6835 5
6836 5
6837 5
6838 5
6839 5
6840 5
6841 5
6842 5
6843 5
6844 5
6845 5
6846 5
6847 5
6848 5
6849 5
6850 5
6851 5
6852 5
6853 5
6854 5
6855 5
6856 5
6857 5
6858 5
6859 5
6860 5
6861 5
6862 5
6863 5
6864 5
6865 5
6866 5
6867 5
6868 5
6869 5
6870 5
6871 5
6872 5
6873 5
6874 5
6875 5
6876 5
6877 5
6878 5
6879 5
6880 5
6881 5
6882 5
6883 5
6884 5
6885 5
6886 5
6887 5
6888 5
6889 5
6890 5
6891 5
6892 5
6893 5
6894 5
6895 5
6896 5
6897 5
6898 5
6899 5
6900 5
6901 5
6902 5
6903 5
6904 5
6905 5
6906 5
6907 5
6908 5
6909 5
6910 5
6911 5
6912 5
6913 5
6914 5
6915 5
6916 5
6917 5
6918 5
6919 5
6920 5
6921 5
6922 5
6923 5
6924 5
6925 5
6926 5
6927 5
6928 5
6929 5
6930 5
6931 5
6932 5
6933 5
6934 5
6935 5
6936 5
6937 5
6938 5
6939 5
6940 5
6941 5
6942 5
6943 5
6944 5
6945 5
6946 5
6947 5
6948 5
6949 5
6950 5
6951 5
6952 5
6953 5
6954 5
6955 5
6956 5
6957 5
6958 5
6959 5
6960 5
6961 5
6962 5
6963 5
6964 5
6965 5
6966 5
6967 5
6968 5
6969 5
6970 5
6971 5
6972 5
6973 5
6974 5
6975 5
6976 5
6977 5
6978 5
6979 5
6980 5
6981 5
6982 5
6983 5
6984 5
6985 5
6986 5
6987 5
6988 5
6989 5
6990 5
6991 5
6992 5
6993 5
6994 5
6995 5
6996 5
6997 5
6998 5
6999 5
7000 5
7001 5
7002 5
7003 5
7004 5
7005 5
7006 5
7007 5
7008 5
7009 5
7010 5
7011 5
7012 5
7013 5
7014 5
7015 5
7016 5
7017 5
7018 5
7019 5
7020 5
7021 5
7022 5
7023 5
7024 5
7025 5
7026 5
7027 5
7028 5
7029 5
7030 5
7031 5
7032 5
7033 5
7034 5
7035 5
7036 5
7037 5
7038 5
7039 5
7040 5
7041 5
7042 5
7043 5
7044 5
7045 5
7046 5
7047 5
7048 5
7049 5
7050 5
7051 5
7052 5
7053 5
7054 5
7055 5
7056 5
7057 5
7058 5
7059 5
7060 5
7061 5
7062 5
7063 5
7064 5
7065 5
7066 5
7067 5
7068 5
7069 5
7070 5
7071 5
7072 5
7073 5
7074 5
7075 5
7076 5
7077 5
7078 5
7079 5
7080 5
7081 5
7082 5
7083 5
7084 5
7085 5
7086 5
7087 5
7088 5
7089 5
7090 5
7091 5
7092 5
7093 5
7094 5
7095 5
7096 5
7097 5
7098 5
7099 5
7100 5
7101 5
7102 5
7103 5
7104 5
7105 5
7106 5
7107 5
7108 5
7109 5
7110 5
7111 5
7112 5
7113 5
7114 5
7115 5
7116 5
7117 5
7118 5
7119 5
7120 5
7121 5
7122 5
7123 5
7124 5
7125 5
7126 5
7127 5
7128 5
7129 5
7130 5
7131 5
7132 5
7133 5
7134 5
7135 5
7136 5
7137 5
7138 5
7139 5
7140 5
7141 5
7142 5
7143 5
7144 5
7145 5
7146 5
7147 5
7148 5
7149 5
7150 5
7151 5
7152 5
7153 5
7154 5
7155 5
7156 5
7157 5
7158 5
7159 5
7160 5
7161 5
7162 5
7163 5
7164 5
7165 5
7166 5
7167 5
7168 5
7169 5
7170 5
7171 5
7172 5
7173 5
7174 5
7175 5
7176 5
7177 5
7178 5
7179 5
7180 5
7181 5
7182 5
7183 5
7184 5
7185 5
7186 5
7187 5
7188 5
7189 5
7190 5
7191 5
7192 5
7193 5
7194 5
7195 5
7196 5
7197 5
7198 5
7199 5
7200 5
7201 5
7202 5
7203 5
7204 5
7205 5
7206 5
7207 5
7208 5
7209 5
7210 5
7211 5
7212 5
7213 5
7214 5
7215 5
7216 5
7217 5
7218 5
7219 5
7220 5
7221 5
7222 5
7223 5
7224 5
7225 5
7226 5
7227 5
7228 5
7229 5
7230 5
7231 5
7232 5
7233 5
7234 5
7235 5
7236 5
7237 5
7238 5
7239 5
7240 5
7241 5
7242 5
7243 5
7244 5
7245 5
7246 5
7247 5
7248 5
7249 5
7250 5
7251 5
7252 5
7253 5
7254 5
7255 5
7256 5
7257 5
7258 5
7259 5
7260 5
7261 5
7262 5
7263 5
7264 5
7265 5
7266 5
7267 5
7268 5
7269 5
7270 5
7271 5
7272 5
7273 5
7274 5
7275 5
7276 5
7277 5
7278 5
7279 5
7280 5
7281 5
7282 5
7283 5
7284 5
7285 5
7286 5
7287 5
7288 5
7289 5
7290 5
7291 5
7292 5
